counts
1      143
2      140
3       48
4       65
5       18
6       27
7       17
8       27
9       11
10      14
11       9
12      18
13       7
14      11
15       7
16      12
17       4
18       3
19       8
20       8
21       2
22       4
23       2
24       7
25       5
26       5
27       2
28       4
29       2
30       2
      ... 
80       1
81       1
82       1
84       1
85       1
88       2
92       1
99       1
105      1
106      2
109      1
115      1
122      1
124      1
126      1
133      1
151      1
154      1
163      1
174      1
186      1
203      2
206      1
208      1
239      1
253      1
295      1
318      1
406      1
452      1
Length: 80, dtype: int64